22302
22303
22304
22306
22307
22309
22310
22311
22312
22313
22314
22315
22316
22317
22318
22319
22320
22321
22322
22324
22325
22326
22328
22329
22330
22331
22332
22333
22334
22335
22336
22337
22338
22339
22340
22341
22342
22343
22346
22347
22348
22349
22350
24101
24102
24103
24104
24105
24106
24107
24108
24109
24110
24111
24112
24113
24114
24115
24116
24117
24118
24119
24120
24121
24122
24123
24124
24125
24126
24127
24128
24129
24130
24131
24132
24133
24134
24135
24136
24137
24138
24139
24140
24141
24142
24143
24144
24145
24146
24147
24148
24149
24150
24351
24352
24353
24354
24356
24357
24358
127
567
24359
24360
24361
24362
24363
24364
24365
24366
24367
24368
24369
24370
24371
24372
24373
24374
24375
24376
24377
24378
24379
24380
18903
18906
1751
1
2
5
24355
3
4
1752
18901
18902
18904
18907
18909
18910
18911
18916
18917
18918
18919
18920
18921
18922
18923
18924
18925
18927
18928
18929
18931
18932
18936
18937
18941
18946
22327
18940
18945
18938
18947
18948
18949
18950
24381
24382
24383
24384
24385
24386
24387
24388
24389
24390
24391
24392
24394
24393
24395
24396
24397
24399
24400
24401
24402
25551
25552
25553
25554
25555
25556
25557
25558
25559
25560
25563
25564
25565
25566
25567
25568
25569
25570
25571
25572
25573
25574
25575
25576
25577
25578
25579
25580
25581
25582
25583
25584
25585
25586
27170
25588
25589
27171
25590
25591
25592
25593
25594
25595
25596
25597
25598
25599
25600
27172
27173
25587
26651
26652
26653
26654
26655
26656
26657
26658
26659
26660
26661
26662
26663
26664
26665
26666
26667
26668
26669
26670
26671
26672
26673
26674
26675
26676
26678
26679
26680
26681
26682
26683
26684
26685
26686
26687
26688
26689
26690
26691
26692
26693
26694
26695
26696
26697
26698
26699
26700
27151
26677
27152
27153
27154
27155
27156
27157
27158
27159
27160
27161
27162
27163
27164
27165
27166
27167
27168
27169
25561
27174
27175
27176
27177
27178
27179
27180
27181
27182
27183
27184
27185
27186
27187
27188
27189
27190
27191
27192
27193
27194
27195
27196
27197
27198
27199
27200
27901
27902
27903
27904
27905
27906
27907
27908
27909
27910
27911
27912
27913
27914
27915
27916
27917
27918
27919
27920
27921
27922
27923
27924
27925
27926
27927
27928
27929
27930
27931
27932
27933
27934
27935
27936
27937
27938
27939
27940
27941
27942
27943
27944
27945
27946
27949
27950
30801
30802
30803
30804
30805
30806
30807
30808
30809
30810
30811
30812
30813
30843
30844
30845
30846
30847
30848
30849
30850
31001
31002
31003
31004
31005
31006
31008
31009
31010
31011
31012
31013
31014
31015
31017
31046
31047
31045
31048
31044
31049
31050
31016
31018
31019
31020
31021
31022
31023
31024
31025
31026
31027
31028
31029
31030
31031
31032
31033
31034
31035
31036
31037
31038
31039
31040
18912
18913
18914
18915
18908
31041
31042
31043
57069
57053
57054
57055
57056
57057
57058
57070
57071
57059
57060
57061
57062
57063
57064
57065
57066
57067
57068
57072
57075
57076
57078
57079
57081
57073
10
57082
57083
57084
57086
57087
57088
57089
57090
57092
57093
57095
57096
57097
57098
57099
57100
59601
59602
59603
59604
59605
59606
59607
59608
59609
59610
59611
59612
59613
59614
59615
59616
59617
59618
59619
59620
59621
59622
59623
59624
59625
59626
59627
59628
59629
59630
59631
59632
59633
59634
59635
59636
59638
59639
57074
59640
59641
59642
59643
59644
59645
59646
59647
59648
59649
59650
60101
60102
60103
60104
60105
60106
60109
60111
60112
60114
60115
60117
60118
60113
60119
60120
60121
60122
60123
60124
60125
60126
60127
60128
60129
60130
60131
60132
60133
60134
60135
60136
60137
60138
60139
60140
60141
60142
60143
60144
60145
60146
60147
60148
60149
60150
60751
60752
60753
60754
60755
60756
60757
60758
60759
60760
60761
60762
60763
60764
60765
60766
60768
60769
60770
22302
22303
22304
22306
22307
22309
22310
22311
22312
22313
22314
22315
22316
22317
22318
22319
22320
22321
22322
22324
22325
22326
22328
22329
22330
22331
22332
22333
22334
22335
22336
22337
22338
22339
22340
22341
22342
22343
22346
22347
22348
22349
22350
24101
24102
24103
24104
24105
24106
24107
24108
24109
24110
24111
24112
24113
24114
24115
24116
24117
24118
24119
24120
24121
24122
24123
24124
24125
24126
24127
24128
24129
24130
24131
24132
24133
24134
24135
24136
24137
24138
24139
24140
24141
24142
24143
24144
24145
24146
24147
24148
24149
24150
24351
24352
24353
24354
24356
24357
24358
127
567
24359
24360
24361
24362
24363
24364
24365
24366
24367
24368
24369
24370
24371
24372
24373
24374
24375
24376
24377
24378
24379
24380
18903
18906
1751
1
2
5
24355
3
4
1752
18901
18902
18904
18907
18909
18910
18911
18916
18917
18918
18919
18920
18921
18922
18923
18924
18925
18927
18928
18929
18931
18932
18936
18937
18941
18946
22327
18940
18945
18938
18947
18948
18949
18950
24381
24382
24383
24384
24385
24386
24387
24388
24389
24390
24391
24392
24394
24393
24395
24396
24397
24399
24400
24401
24402
25551
25552
25553
25554
25555
25556
25557
25558
25559
25560
25563
25564
25565
25566
25567
25568
25569
25570
25571
25572
25573
25574
25575
25576
25577
25578
25579
25580
25581
25582
25583
25584
25585
25586
27170
25588
25589
27171
25590
25591
25592
25593
25594
25595
25596
25597
25598
25599
25600
27172
27173
25587
26651
26652
26653
26654
26655
26656
26657
26658
26659
26660
26661
26662
26663
26664
26665
26666
26667
26668
26669
26670
26671
26672
26673
26674
26675
26676
26678
26679
26680
26681
26682
26683
26684
26685
26686
26687
26688
26689
26690
26691
26692
26693
26694
26695
26696
26697
26698
26699
26700
27151
26677
27152
27153
27154
27155
27156
27157
27158
27159
27160
27161
27162
27163
27164
27165
27166
27167
27168
27169
25561
27174
27175
27176
27177
27178
27179
27180
27181
27182
27183
27184
27185
27186
27187
27188
27189
27190
27191
27192
27193
27194
27195
27196
27197
27198
27199
27200
27901
27902
27903
27904
27905
27906
27907
27908
27909
27910
27911
27912
27913
27914
27915
27916
27917
27918
27919
27920
27921
27922
27923
27924
27925
27926
27927
27928
27929
27930
27931
27932
27933
27934
27935
27936
27937
27938
27939
27940
27941
27942
27943
27944
27945
27946
27949
27950
30801
30802
30803
30804
30805
30806
30807
30808
30809
30810
30811
30812
30813
30843
30844
30845
30846
30847
30848
30849
30850
31001
31002
31003
31004
31005
31006
31008
31009
31010
31011
31012
31013
31014
31015
31017
31046
31047
31045
31048
31044
31049
31050
31016
31018
31019
31020
31021
31022
31023
31024
31025
31026
31027
31028
31029
31030
31031
31032
31033
31034
31035
31036
31037
31038
31039
31040
18912
18913
18914
18915
18908
31041
31042
31043
57069
57053
57054
57055
57056
57057
57058
57070
57071
57059
57060
57061
57062
57063
57064
57065
57066
57067
57068
57072
57075
57076
57078
57079
57081
57073
10
57082
57083
57084
57086
57087
57088
57089
57090
57092
57093
57095
57096
57097
57098
57099
57100
59601
59602
59603
59604
59605
59606
59607
59608
59609
59610
59611
59612
59613
59614
59615
59616
59617
59618
59619
59620
59621
59622
59623
59624
59625
59626
59627
59628
59629
59630
59631
59632
59633
59634
59635
59636
59638
59639
57074
59640
59641
59642
59643
59644
59645
59646
59647
59648
59649
59650
60101
60102
60103
60104
60105
60106
60109
60111
60112
60114
60115
60117
60118
60113
60119
60120
60121
60122
60123
60124
60125
60126
60127
60128
60129
60130
60131
60132
60133
60134
60135
60136
60137
60138
60139
60140
60141
60142
60143
60144
60145
60146
60147
60148
60149
60150
60751
60752
60753
60754
60755
60756
60757
60758
60759
60760
60761
60762
60763
60764
60765
60766
60768
60769
60770
22302
22303
22304
22306
22307
22309
22310
22311
22312
22313
22314
22315
22316
22317
22318
22319
22320
22321
22322
22324
22325
22326
22328
22329
22330
22331
22332
22333
22334
22335
22336
22337
22338
22339
22340
22341
22342
22343
22346
22347
22348
22349
22350
24101
24102
24103
24104
24105
24106
24107
24108
24109
24110
24111
24112
24113
24114
24115
24116
24117
24118
24119
24120
24121
24122
24123
24124
24125
24126
24127
24128
24129
24130
24131
24132
24133
24134
24135
24136
24137
24138
24139
24140
24141
24142
24143
24144
24145
24146
24147
24148
24149
24150
24351
24352
24353
24354
24356
24357
24358
127
567
24359
24360
24361
24362
24363
24364
24365
24366
24367
24368
24369
24370
24371
24372
24373
24374
24375
24376
24377
24378
24379
24380
18903
18906
1751
1
2
5
24355
3
4
1752
18901
18902
18904
18907
18909
18910
18911
18916
18917
18918
18919
18920
18921
18922
18923
18924
18925
18927
18928
18929
18931
18932
18936
18937
18941
18946
22327
18940
18945
18938
18947
18948
18949
18950
24381
24382
24383
24384
24385
24386
24387
24388
24389
24390
24391
24392
24394
24393
24395
24396
24397
24399
24400
24401
24402
25551
25552
25553
25554
25555
25556
25557
25558
25559
25560
25563
25564
25565
25566
25567
25568
25569
25570
25571
25572
25573
25574
25575
25576
25577
25578
25579
25580
25581
25582
25583
25584
25585
25586
27170
25588
25589
27171
25590
25591
25592
25593
25594
25595
25596
25597
25598
25599
25600
27172
27173
25587
26651
26652
26653
26654
26655
26656
26657
26658
26659
26660
26661
26662
26663
26664
26665
26666
26667
26668
26669
26670
26671
26672
26673
26674
26675
26676
26678
26679
26680
26681
26682
26683
26684
26685
26686
26687
26688
26689
26690
26691
26692
26693
26694
26695
26696
26697
26698
26699
26700
27151
26677
27152
27153
27154
27155
27156
27157
27158
27159
27160
27161
27162
27163
27164
27165
27166
27167
27168
27169
25561
27174
27175
27176
27177
27178
27179
27180
27181
27182
27183
27184
27185
27186
27187
27188
27189
27190
27191
27192
27193
27194
27195
27196
27197
27198
27199
27200
27901
27902
27903
27904
27905
27906
27907
27908
27909
27910
27911
27912
27913
27914
27915
27916
27917
27918
27919
27920
27921
27922
27923
27924
27925
27926
27927
27928
27929
27930
27931
27932
27933
27934
27935
27936
27937
27938
27939
27940
27941
27942
27943
27944
27945
27946
27949
27950
30801
30802
30803
30804
30805
30806
30807
30808
30809
30810
30811
30812
30813
30843
30844
30845
30846
30847
30848
30849
30850
31001
31002
31003
31004
31005
31006
31008
31009
31010
31011
31012
31013
31014
31015
31017
31046
31047
31045
31048
31044
31049
31050
31016
31018
31019
31020
31021
31022
31023
31024
31025
31026
31027
31028
31029
31030
31031
31032
31033
31034
31035
31036
31037
31038
31039
31040
18912
18913
18914
18915
18908
31041
31042
31043
57069
57053
57054
57055
57056
57057
57058
57070
57071
57059
57060
57061
57062
57063
57064
57065
57066
57067
57068
57072
57075
57076
57078
57079
57081
57073
10
57082
57083
57084
57086
57087
57088
57089
57090
57092
57093
57095
57096
57097
57098
57099
57100
59601
59602
59603
59604
59605
59606
59607
59608
59609
59610
59611
59612
59613
59614
59615
59616
59617
59618
59619
59620
59621
59622
59623
59624
59625
59626
59627
59628
59629
59630
59631
59632
59633
59634
59635
59636
59638
59639
57074
59640
59641
59642
59643
59644
59645
59646
59647
59648
59649
59650
60101
60102
60103
60104
60105
60106
60109
60111
60112
60114
60115
60117
60118
60113
60119
60120
60121
60122
60123
60124
60125
60126
60127
60128
60129
60130
60131
60132
60133
60134
60135
60136
60137
60138
60139
60140
60141
60142
60143
60144
60145
60146
60147
60148
60149
60150
60751
60752
60753
60754
60755
60756
60757
60758
60759
60760
60761
60762
60763
60764
60765
60766
60768
60769
60770
22302
22303
22304
22306
22307
22309
22310
22311
22312
22313
22314
22315
22316
22317
22318
22319
22320
22321
22322
22324
22325
22326
22328
22329
22330
22331
22332
22333
22334
22335
22336
22337
22338
22339
22340
22341
22342
22343
22346
22347
22348
22349
22350
24101
24102
24103
24104
24105
24106
24107
24108
24109
24110
24111
24112
24113
24114
24115
24116
24117
24118
24119
24120
24121
24122
24123
24124
24125
24126
24127
24128
24129
24130
24131
24132
24133
24134
24135
24136
24137
24138
24139
24140
24141
24142
24143
24144
24145
24146
24147
24148
24149
24150
24351
24352
24353
24354
24356
24357
24358
127
567
24359
24360
24361
24362
24363
24364
24365
24366
24367
24368
24369
24370
24371
24372
24373
24374
24375
24376
24377
24378
24379
24380
18903
18906
1751
1
2
5
24355
3
4
1752
18901
18902
18904
18907
18909
18910
18911
18916
18917
18918
18919
18920
18921
18922
18923
18924
18925
18927
18928
18929
18931
18932
18936
18937
18941
18946
22327
18940
18945
18938
18947
18948
18949
18950
24381
24382
24383
24384
24385
24386
24387
24388
24389
24390
24391
24392
24394
24393
24395
24396
24397
24399
24400
24401
24402
25551
25552
25553
25554
25555
25556
25557
25558
25559
25560
25563
25564
25565
25566
25567
25568
25569
25570
25571
25572
25573
25574
25575
25576
25577
25578
25579
25580
25581
25582
25583
25584
25585
25586
27170
25588
25589
27171
25590
25591
25592
25593
25594
25595
25596
25597
25598
25599
25600
27172
27173
25587
26651
26652
26653
26654
26655
26656
26657
26658
26659
26660
26661
26662
26663
26664
26665
26666
26667
26668
26669
26670
26671
26672
26673
26674
26675
26676
26678
26679
26680
26681
26682
26683
26684
26685
26686
26687
26688
26689
26690
26691
26692
26693
26694
26695
26696
26697
26698
26699
26700
27151
26677
27152
27153
27154
27155
27156
27157
27158
27159
27160
27161
27162
27163
27164
27165
27166
27167
27168
27169
25561
27174
27175
27176
27177
27178
27179
27180
27181
27182
27183
27184
27185
27186
27187
27188
27189
27190
27191
27192
27193
27194
27195
27196
27197
27198
27199
27200
27901
27902
27903
27904
27905
27906
27907
27908
27909
27910
27911
27912
27913
27914
27915
27916
27917
27918
27919
27920
27921
27922
27923
27924
27925
27926
27927
27928
27929
27930
27931
27932
27933
27934
27935
27936
27937
27938
27939
27940
27941
27942
27943
27944
27945
27946
27949
27950
30801
30802
30803
30804
30805
30806
30807
30808
30809
30810
30811
30812
30813
30843
30844
30845
30846
30847
30848
30849
30850
31001
31002
31003
31004
31005
31006
31008
31009
31010
31011
31012
31013
31014
31015
31017
31046
31047
31045
31048
31044
31049
31050
31016
31018
31019
31020
31021
31022
31023
31024
31025
31026
31027
31028
31029
31030
31031
31032
31033
31034
31035
31036
31037
31038
31039
31040
18912
18913
18914
18915
18908
31041
31042
31043
57069
57053
57054
57055
57056
57057
57058
57070
57071
57059
57060
57061
57062
57063
57064
57065
57066
57067
57068
57072
57075
57076
57078
57079
57081
57073
10
57082
57083
57084
57086
57087
57088
57089
57090
57092
57093
57095
57096
57097
57098
57099
57100
59601
59602
59603
59604
59605
59606
59607
59608
59609
59610
59611
59612
59613
59614
59615
59616
59617
59618
59619
59620
59621
59622
59623
59624
59625
59626
59627
59628
59629
59630
59631
59632
59633
59634
59635
59636
59638
59639
57074
59640
59641
59642
59643
59644
59645
59646
59647
59648
59649
59650
60101
60102
60103
60104
60105
60106
60109
60111
60112
60114
60115
60117
60118
60113
60119
60120
60121
60122
60123
60124
60125
60126
60127
60128
60129
60130
60131
60132
60133
60134
60135
60136
60137
60138
60139
60140
60141
60142
60143
60144
60145
60146
60147
60148
60149
60150
60751
60752
60753
60754
60755
60756
60757
60758
60759
60760
60761
60762
60763
60764
60765
60766
60768
60769
60770
22302
22303
22304
22306
22307
22309
22310
22311
22312
22313
22314
22315
22316
22317
22318
22319
22320
22321
22322
22324
22325
22326
22328
22329
22330
22331
22332
22333
22334
22335
22336
22337
22338
22339
22340
22341
22342
22343
22346
22347
22348
22349
22350
24101
24102
24103
24104
24105
24106
24107
24108
24109
24110
24111
24112
24113
24114
24115
24116
24117
24118
24119
24120
24121
24122
24123
24124
24125
24126
24127
24128
24129
24130
24131
24132
24133
24134
24135
24136
24137
24138
24139
24140
24141
24142
24143
24144
24145
24146
24147
24148
24149
24150
24351
24352
24353
24354
24356
24357
24358
127
567
24359
24360
24361
24362
24363
24364
24365
24366
24367
24368
24369
24370
24371
24372
24373
24374
24375
24376
24377
24378
24379
24380
18903
18906
1751
1
2
5
24355
3
4
1752
18901
18902
18904
18907
18909
18910
18911
18916
18917
18918
18919
18920
18921
18922
18923
18924
18925
18927
18928
18929
18931
18932
18936
18937
18941
18946
22327
18940
18945
18938
18947
18948
18949
18950
24381
24382
24383
24384
24385
24386
24387
24388
24389
24390
24391
24392
24394
24393
24395
24396
24397
24399
24400
24401
24402
25551
25552
25553
25554
25555
25556
25557
25558
25559
25560
25563
25564
25565
25566
25567
25568
25569
25570
25571
25572
25573
25574
25575
25576
25577
25578
25579
25580
25581
25582
25583
25584
25585
25586
27170
25588
25589
27171
25590
25591
25592
25593
25594
25595
25596
25597
25598
25599
25600
27172
27173
25587
26651
26652
26653
26654
26655
26656
26657
26658
26659
26660
26661
26662
26663
26664
26665
26666
26667
26668
26669
26670
26671
26672
26673
26674
26675
26676
26678
26679
26680
26681
26682
26683
26684
26685
26686
26687
26688
26689
26690
26691
26692
26693
26694
26695
26696
26697
26698
26699
26700
27151
26677
27152
27153
27154
27155
27156
27157
27158
27159
27160
27161
27162
27163
27164
27165
27166
27167
27168
27169
25561
27174
27175
27176
27177
27178
27179
27180
27181
27182
27183
27184
27185
27186
27187
27188
27189
27190
27191
27192
27193
27194
27195
27196
27197
27198
27199
27200
27901
27902
27903
27904
27905
27906
27907
27908
27909
27910
27911
27912
27913
27914
27915
27916
27917
27918
27919
27920
27921
27922
27923
27924
27925
27926
27927
27928
27929
27930
27931
27932
27933
27934
27935
27936
27937
27938
27939
27940
27941
27942
27943
27944
27945
27946
27949
27950
30801
30802
30803
30804
30805
30806
30807
30808
30809
30810
30811
30812
30813
30843
30844
30845
30846
30847
30848
30849
30850
31001
31002
31003
31004
31005
31006
31008
31009
31010
31011
31012
31013
31014
31015
31017
31046
31047
31045
31048
31044
31049
31050
31016
31018
31019
31020
31021
31022
31023
31024
31025
31026
31027
31028
31029
31030
31031
31032
31033
31034
31035
31036
31037
31038
31039
31040
18912
18913
18914
18915
18908
31041
31042
31043
57069
57053
57054
57055
57056
57057
57058
57070
57071
57059
57060
57061
57062
57063
57064
57065
57066
57067
57068
57072
57075
57076
57078
57079
57081
57073
10
57082
57083
57084
57086
57087
57088
57089
57090
57092
57093
57095
57096
57097
57098
57099
57100
59601
59602
59603
59604
59605
59606
59607
59608
59609
59610
59611
59612
59613
59614
59615
59616
59617
59618
59619
59620
59621
59622
59623
59624
59625
59626
59627
59628
59629
59630
59631
59632
59633
59634
59635
59636
59638
59639
57074
59640
59641
59642
59643
59644
59645
59646
59647
59648
59649
59650
60101
60102
60103
60104
60105
60106
60109
60111
60112
60114
60115
60117
60118
60113
60119
60120
60121
60122
60123
60124
60125
60126
60127
60128
60129
60130
60131
60132
60133
60134
60135
60136
60137
60138
60139
60140
60141
60142
60143
60144
60145
60146
60147
60148
60149
60150
60751
60752
60753
60754
60755
60756
60757
60758
60759
60760
60761
60762
60763
60764
60765
60766
60768
60769
60770
22302
22303
22304
22306
22307
22309
22310
22311
22312
22313
22314
22315
22316
22317
22318
22319
22320
22321
22322
22324
22325
22326
22328
22329
22330
22331
22332
22333
22334
22335
22336
22337
22338
22339
22340
22341
22342
22343
22346
22347
22348
22349
22350
24101
24102
24103
24104
24105
24106
24107
24108
24109
24110
24111
24112
24113
24114
24115
24116
24117
24118
24119
24120
24121
24122
24123
24124
24125
24126
24127
24128
24129
24130
24131
24132
24133
24134
24135
24136
24137
24138
24139
24140
24141
24142
24143
24144
24145
24146
24147
24148
24149
24150
24351
24352
24353
24354
24356
24357
24358
127
567
24359
24360
24361
24362
24363
24364
24365
24366
24367
24368
24369
24370
24371
24372
24373
24374
24375
24376
24377
24378
24379
24380
18903
18906
1751
1
2
5
24355
3
4
1752
18901
18902
18904
18907
18909
18910
18911
18916
18917
18918
18919
18920
18921
18922
18923
18924
18925
18927
18928
18929
18931
18932
18936
18937
18941
18946
22327
18940
18945
18938
18947
18948
18949
18950
24381
24382
24383
24384
24385
24386
24387
24388
24389
24390
24391
24392
24394
24393
24395
24396
24397
24399
24400
24401
24402
25551
25552
25553
25554
25555
25556
25557
25558
25559
25560
25563
25564
25565
25566
25567
25568
25569
25570
25571
25572
25573
25574
25575
25576
25577
25578
25579
25580
25581
25582
25583
25584
25585
25586
27170
25588
25589
27171
25590
25591
25592
25593
25594
25595
25596
25597
25598
25599
25600
27172
27173
25587
26651
26652
26653
26654
26655
26656
26657
26658
26659
26660
26661
26662
26663
26664
26665
26666
26667
26668
26669
26670
26671
26672
26673
26674
26675
26676
26678
26679
26680
26681
26682
26683
26684
26685
26686
26687
26688
26689
26690
26691
26692
26693
26694
26695
26696
26697
26698
26699
26700
27151
26677
27152
27153
27154
27155
27156
27157
27158
27159
27160
27161
27162
27163
27164
27165
27166
27167
27168
27169
25561
27174
27175
27176
27177
27178
27179
27180
27181
27182
27183
27184
27185
27186
27187
27188
27189
27190
27191
27192
27193
27194
27195
27196
27197
27198
27199
27200
27901
27902
27903
27904
27905
27906
27907
27908
27909
27910
27911
27912
27913
27914
27915
27916
27917
27918
27919
27920
27921
27922
27923
27924
27925
27926
27927
27928
27929
27930
27931
27932
27933
27934
27935
27936
27937
27938
27939
27940
27941
27942
27943
27944
27945
27946
27949
27950
30801
30802
30803
30804
30805
30806
30807
30808
30809
30810
30811
30812
30813
30843
30844
30845
30846
30847
30848
30849
30850
31001
31002
31003
31004
31005
31006
31008
31009
31010
31011
31012
31013
31014
31015
31017
31046
31047
31045
31048
31044
31049
31050
31016
31018
31019
31020
31021
31022
31023
31024
31025
31026
31027
31028
31029
31030
31031
31032
31033
31034
31035
31036
31037
31038
31039
31040
18912
18913
18914
18915
18908
31041
31042
31043
57069
57053
57054
57055
57056
57057
57058
57070
57071
57059
57060
57061
57062
57063
57064
57065
57066
57067
57068
57072
57075
57076
57078
57079
57081
57073
10
57082
57083
57084
57086
57087
57088
57089
57090
57092
57093
57095
57096
57097
57098
57099
57100
59601
59602
59603
59604
59605
59606
59607
59608
59609
59610
59611
59612
59613
59614
59615
59616
59617
59618
59619
59620
59621
59622
59623
59624
59625
59626
59627
59628
59629
59630
59631
59632
59633
59634
59635
59636
59638
59639
57074
59640
59641
59642
59643
59644
59645
59646
59647
59648
59649
59650
60101
60102
60103
60104
60105
60106
60109
60111
60112
60114
60115
60117
60118
60113
60119
60120
60121
60122
60123
60124
60125
60126
60127
60128
60129
60130
60131
60132
60133
60134
60135
60136
60137
60138
60139
60140
60141
60142
60143
60144
60145
60146
60147
60148
60149
60150
60751
60752
60753
60754
60755
60756
60757
60758
60759
60760
60761
60762
60763
60764
60765
60766
60768
60769
60770
