22346
22347
22348
22349
24102
24103
24104
24105
24106
24109
24110
24113
24114
24115
24117
24118
24119
24120
24121
24122
24123
24124
24125
24126
24127
24128
24129
24130
24131
24132
24133
24134
24135
24136
24137
24138
24139
24140
24141
24143
24144
24145
24146
24147
24148
24149
24150
24351
24352
24353
24354
24356
24357
24358
127
567
24359
24360
24361
24362
24363
24364
24365
24366
24367
24368
24369
24370
24373
24374
24375
24376
24377
24378
24379
24380
18903
18906
1751
2
3
5
24355
22307
4
1752
18901
18902
18904
18907
18909
18910
18911
18916
18917
18918
18919
18920
18921
18922
18923
18924
18925
18927
18928
18929
18931
18932
18936
22322
18941
24371
22330
18940
18945
18938
18947
18948
18949
18950
1
22306
22303
18937
22324
22304
22309
18946
22329
24372
22312
22315
22314
22316
22317
22325
22341
22327
22331
24107
22326
22350
24108
22333
22334
22337
22335
24142
22320
22336
22342
22332
22343
24101
24112
24116
22339
24381
24382
24383
24384
24385
24386
24387
24388
24389
24390
24391
24392
24394
24393
24395
24396
24397
24399
24400
24401
24402
25551
25552
25553
25554
25555
25556
25557
25558
25559
25560
25563
25564
25565
25566
25567
25568
25569
25570
25571
25572
25573
25574
25575
25576
25577
25578
25579
25580
25581
25582
25583
25584
25585
25586
27170
25588
27171
25590
25591
25592
25593
25594
25595
25596
25597
25598
25599
25600
27172
27173
25589
26651
26652
26653
26654
26655
26656
26657
26658
26659
26660
26661
26662
26663
26664
26665
26666
26667
26668
26669
26670
26671
26672
26673
26674
26675
26676
26678
26679
26680
26681
26682
26683
26684
26685
26686
26687
26688
26689
26690
26691
26692
26693
26694
26695
26696
26697
26698
26699
26700
27151
26677
27152
27153
27154
27155
27156
27157
27158
27159
27160
27161
27162
27163
27164
27165
27166
27167
27168
27169
25561
27174
27175
27176
27177
27178
27179
27180
27181
27182
27183
27184
27185
27186
27187
27188
27189
27190
27191
27192
27193
27194
27195
27196
27197
27198
27199
27200
27901
27902
27903
27904
27905
27906
27907
27908
27909
27910
27911
27912
27913
27914
27915
27916
27917
27918
27919
27920
27921
27922
27923
27924
27925
27926
27927
27928
27929
27930
27931
27932
27933
27934
27935
27936
27937
27938
27939
27940
27941
27942
27943
27944
27945
27946
27949
27950
30801
30802
30803
30804
30805
30806
30807
30808
30809
30810
30811
30812
30813
30843
30844
30845
30846
30847
30848
30849
30850
31001
31002
31003
31004
31005
31006
31008
31009
31010
31011
31012
31013
31014
31015
31017
31046
31047
31045
31048
31044
31049
31050
31016
31019
31020
31021
31022
31023
31024
31025
31026
31027
31028
31029
31030
31031
31032
31033
31034
31035
31036
31037
31038
31039
31040
18912
18913
18914
18915
18908
31041
31042
31043
57069
57053
57054
57055
57056
57057
57058
57070
57071
57059
57060
57061
57062
57063
57064
57065
57066
57067
57068
57072
57075
57076
57078
57079
57081
57073
10
57082
57083
57084
57086
57087
57088
57089
57090
57092
57093
57095
57096
57097
57098
57099
57100
59601
59602
59603
59604
59605
31018
59606
59607
59608
59609
59610
59611
59612
59613
59614
59615
59616
59617
59618
59619
59620
59621
59622
59623
59624
59625
61112
59626
59627
59628
59629
59630
59631
59632
59633
59634
59635
59636
59638
59639
60780
60781
59640
59641
59642
59643
59644
59645
59646
59647
59648
59649
59650
60101
60102
60103
60104
60105
60106
60782
60109
60111
60783
60112
60114
60115
60784
60117
60118
60113
60119
60120
60121
60122
60123
60124
60125
60126
60127
60128
60129
60130
60131
60132
60133
60134
60135
60136
60137
60138
60139
60140
60141
60142
60143
60144
60145
60146
60147
60148
60149
60150
60751
60752
60753
60755
60756
60757
60758
60759
60760
60761
60762
60763
60764
60765
60766
60768
60769
60770
60771
60772
60773
60774
60775
60776
60777
60778
60785
60786
60779
60787
61109
60788
60789
60790
60791
60792
60793
60794
60795
60796
60797
60798
60799
60800
61101
61102
61103
61104
61105
61106
4698
13
60754
557
61107
61108
61110
57074
61113
61114
61115
61116
61117
61118
61119
61120
61121
61122
61123
61124
61125
61126
61127
61129
61130
61131
62322
61132
61133
61134
61135
61136
61137
61138
61139
61140
61141
61142
61143
61144
62323
61145
61146
61147
61148
61149
61150
62001
62002
62003
62324
62004
62005
62006
62007
62008
62009
62010
62011
62012
62013
62014
62015
62016
62017
62018
62019
62020
62021
62022
62023
62024
62025
62026
62027
62028
62029
62030
62031
62032
62033
62034
62035
62036
62037
62038
62039
62040
62041
62042
62043
62044
62045
62046
62047
62048
62049
62050
62101
62102
62103
62104
62105
62106
62107
62108
62109
62110
62111
62112
62113
62114
62115
62116
62117
62118
62119
62120
62121
62122
62123
62124
62125
62126
62127
62128
62129
62130
62131
62132
62133
62134
62135
62137
62138
62139
62140
62141
62142
62143
62144
62145
62146
62147
62148
62149
62150
62301
62302
62303
62304
62305
62306
62307
62308
62309
62310
62311
62312
62313
62314
62315
62316
62317
62318
62319
62320
62321
62325
62327
62326
62328
62329
62330
62331
62332
62333
62334
62335
62336
62337
62338
62339
62340
62341
62342
62343
62344
62345
62346
62347
62348
62349
62350
62701
62702
62703
62704
62705
62706
62707
62708
64292
64293
72801
62716
62717
72802
62719
62720
62721
62722
62723
62724
62725
62726
62727
62728
62729
62730
62731
62732
62733
62734
62735
64266
62736
62737
72803
62738
72804
62739
64269
62740
62741
62742
64270
62743
62744
62745
62746
62747
72805
62748
62749
64272
64273
62750
62851
64274
62852
62853
62854
62855
62856
62857
62858
62859
62860
62861
62862
62863
62864
62865
62866
62867
62868
62869
62136
62870
62871
62872
62873
62874
62875
62876
62877
62879
62880
62881
62882
62883
72806
62885
62886
62887
62888
62889
62890
62891
62892
64276
62894
62895
62896
62897
62898
62899
62900
64251
64252
64277
64278
64279
64280
64281
64282
64283
64284
64285
64286
64287
64288
64289
64290
64291
72807
72808
72809
72810
72811
72812
72832
72813
72814
72817
72818
72819
72820
72821
72822
72823
72825
72826
72827
72828
72833
72834
72835
72836
72837
72838
72839
72840
72841
72842
72843
72845
72847
72848
72849
72850
73001
73002
73003
73004
73005
73006
73007
73008
73009
73010
73011
73012
73013
73014
73015
73016
73017
73018
73019
73020
73022
73023
73024
73025
73026
73027
73029
73030
73031
73032
73033
73034
73035
73036
73037
73038
73039
73040
73041
73042
73043
73044
73045
73046
73021
73869
73048
73049
73050
73601
73602
73603
73604
73605
73606
73607
73608
73609
73610
73611
73612
73613
73614
73615
73616
73617
73618
73619
73620
73621
73622
73623
73624
73625
73626
73627
73628
73629
73630
73632
73633
73634
73635
73636
73637
73638
73639
73640
73641
73642
73643
73644
73645
73646
73647
73648
73649
73650
73751
73752
73753
73754
73755
73756
73757
73758
73759
73760
73761
73762
73763
73764
73765
73766
73767
73768
73769
73770
73771
73772
73773
73774
73775
73776
73777
73778
73779
73780
73781
73782
73783
73784
73785
73786
73787
73788
73789
73790
73791
73792
73793
73794
73795
73796
73797
73798
73799
73800
73851
73852
73853
73854
73855
73856
73857
73858
73859
73860
73861
73862
73863
73864
73865
73866
73867
73868
73870
73871
73872
73873
73874
73875
73876
73877
73878
73879
73880
73881
73882
73883
73884
73885
73886
73887
73888
73889
73890
73891
73892
73893
73894
73895
73896
73897
73898
73899
73900
73951
73952
73953
73954
73955
73956
73957
73958
73959
73960
73961
73962
73963
73964
73965
73966
73967
73968
73969
73970
73971
73972
73973
73974
73975
73976
73977
73978
73979
73980
73981
73982
73983
73984
73985
73986
73987
73988
73989
73990
73991
73992
73993
73994
73995
73996
73997
73998
73999
74000
74401
74402
74403
74404
74405
74406
74407
74408
74409
74410
74411
74412
74413
74414
74415
74416
74417
74418
74419
74420
74421
74424
74426
74428
74429
74435
88483
74438
74439
74440
88484
74442
88485
74445
74446
74447
88486
74449
74450
9
11
88451
88452
88454
88455
88456
88457
88458
88459
88460
88461
88462
88463
88464
88465
88466
88467
88468
88469
88470
88471
88472
88473
88474
88475
88476
88477
88478
88479
88480
88481
88482
88487
88488
88489
88490
88491
88492
88493
88494
88495
88496
88497
88498
88499
88500
89251
89252
89253
89254
89255
89256
89257
89258
89259
89260
89261
89262
89263
89264
89265
89266
89267
89268
89269
89270
89271
89272
89273
89274
89275
89276
89277
89278
89279
89280
89281
89282
89283
89284
89285
89286
89287
89288
89289
89290
89291
89292
89293
89294
89295
89296
89297
89298
89299
89300
89551
89552
89554
89555
89556
89557
89558
89559
89560
89561
89562
89563
89564
89565
89566
89567
89568
89569
89570
89571
89572
89574
89575
89576
89577
89578
89579
89580
89581
89582
89583
89584
89585
89587
89586
89588
89589
89590
89591
89592
89593
89596
89597
89594
89595
89598
89599
89600
90101
90102
90103
90104
90105
90106
90107
90108
90109
90110
90111
90301
90302
90304
90305
90306
90307
90308
90309
90310
90311
90312
90313
90314
90315
90316
90317
90318
90319
90320
90321
90322
90323
90324
90325
90326
90327
90328
90329
90330
90331
90332
90333
90334
90335
90336
90337
90338
90339
90340
90341
90342
90343
90344
90345
90346
90347
90348
90349
90350
90451
90452
90453
90454
90455
90456
90457
90458
90459
90460
90461
90462
90463
90464
90465
90466
90467
90468
90469
90470
90471
90472
90473
90474
90475
90476
90477
90478
90479
90480
90481
90482
90483
90484
90485
90486
90487
90488
90489
90490
90491
90492
90493
90494
90495
90496
90497
90498
90499
90500
90601
90602
90603
90604
90605
90606
90607
90608
90609
90610
90611
90612
90613
90614
91031
90616
91032
90618
90619
91033
90621
90622
90623
90625
90626
90627
90628
90629
90630
90631
90632
90633
90634
90635
90636
90637
90638
90639
90640
90641
90624
90643
90642
90645
90646
90647
90648
90644
90649
90650
90851
90852
90853
90854
90855
91034
91035
91001
50
91002
91003
91004
91005
91006
91007
91008
91036
91015
91016
91017
91018
91019
91020
91021
91022
91023
91024
91025
91026
91027
91028
91030
91029
91037
91038
91039
91040
92265
91043
91044
91045
91046
91047
91048
91049
91050
92251
92252
92274
92253
92254
92255
92258
92259
92267
92260
92261
92262
92263
92264
92268
92269
92270
92271
92272
92273
91042
92266
92275
92276
92277
92278
92279
92280
92281
92282
92283
92284
92285
92286
92287
92288
92289
92290
92291
92292
92293
92294
92295
92296
92297
92299
92300
92301
92302
92298
1234
345345
123456
123421
1234567
12345678
123456787
93251
93252
93253
93254
93255
93257
93258
93259
93260
93261
93262
93263
93264
5345345
965
9654
4568756
3516245
3516242
3516247
3516248
3516249
3516250
3516251
3516255
251355418
35162599
35162600
35162601
251355412
55555
93265
876321
89874
21423422
214234223
93266
93267
93268
93269
